 0.002 149.50 192.59 249.47 169.61 
 0.004 171.34 192.59 249.86 173.06 
 0.006 185.51 196.04 248.32 174.59 
 0.008 200.45 195.28 249.47 173.44 
 0.010 224.19 196.42 249.86 174.59 
 0.012 233.39 198.72 259.82 174.21 
 0.014 244.88 198.72 278.58 173.06 
 0.016 253.30 199.87 295.44 174.21 
 0.018 265.56 201.02 312.67 174.21 
 0.020 273.99 204.47 328.76 172.29 
 0.022 285.09 206.77 346.00 174.21 
 0.024 293.14 208.68 364.76 170.76 
 0.026 302.33 208.68 380.47 170.00 
 0.028 308.08 210.21 396.55 171.15 
 0.030 317.27 213.66 413.02 168.85 
 0.032 324.16 217.87 428.73 167.31 
 0.034 329.91 218.26 441.37 163.87 
 0.036 332.59 221.32 458.60 159.27 
 0.038 339.10 223.62 473.54 156.21 
 0.040 343.70 223.62 489.63 151.23 
 0.042 347.14 224.77 497.67 146.63 
