 0.002 135.34 207.02 245.43 183.30 
 0.004 149.85 204.90 245.43 183.30 
 0.006 162.59 204.54 245.43 185.43 
 0.008 176.40 203.48 244.72 183.66 
 0.010 190.20 203.83 245.43 184.36 
 0.012 204.36 204.54 246.49 183.30 
 0.014 218.88 203.48 245.43 184.72 
 0.016 232.68 202.42 255.34 184.36 
 0.018 246.49 202.42 273.39 183.30 
 0.020 260.29 201.36 292.51 183.30 
 0.022 274.10 202.42 309.14 180.12 
 0.024 288.26 200.29 326.13 179.05 
 0.026 301.71 202.42 342.06 175.87 
 0.028 313.39 201.71 359.06 170.91 
 0.030 326.13 202.77 376.05 168.79 
 0.032 337.11 202.77 391.98 163.48 
 0.034 348.79 205.60 407.91 161.36 
 0.036 359.41 204.90 423.83 157.82 
 0.038 368.61 207.02 440.83 153.92 
 0.040 376.40 209.85 454.98 148.61 
