 0.002  16.16 226.08 272.51 179.97 
 0.004  35.23 226.08 274.50 181.17 
 0.006  50.34 228.46 273.30 183.15 
 0.008  73.39 228.46 273.30 184.74 
 0.010  92.07 230.05 271.32 180.77 
 0.012 112.34 230.85 271.32 181.96 
 0.014 131.81 234.42 272.11 181.17 
 0.016 154.07 234.82 272.11 190.31 
 0.018 175.93 234.42 272.11 184.35 
 0.020 195.80 234.82 270.92 184.35 
 0.022 217.66 236.01 272.11 180.77 
 0.024 238.73 238.00 272.11 181.96 
 0.026 260.59 238.40 273.30 184.35 
 0.028 272.51 236.81 288.01 184.35 
 0.030 282.84 236.01 305.50 181.17 
 0.032 292.78 236.01 324.97 186.73 
 0.034 303.11 235.62 344.05 186.73 
 0.036 311.86 236.81 363.13 185.54 
 0.038 322.19 239.19 380.61 183.15 
 0.040 332.13 236.81 399.69 185.54 
 0.042 343.65 236.81 418.77 183.15 
 0.044 353.19 238.40 440.23 184.35 
 0.046 361.54 239.19 456.92 178.78 
 0.048 370.28 237.21 476.00 180.77 
 0.050 383.00 238.40 494.28 178.38 
 0.052 394.13 237.21 512.96 173.61 
