 0.003  45.30 176.84 220.84 161.47 
 0.006  67.84 179.91 220.84 159.77 
 0.009  91.41 184.35 220.84 160.79 
 0.012 117.02 187.43 221.86 160.45 
 0.015 141.95 191.18 221.52 159.42 
 0.018 164.15 195.28 220.84 160.45 
 0.021 188.73 198.70 221.52 158.40 
 0.024 212.30 202.45 220.84 160.45 
 0.027 235.18 205.53 222.54 160.45 
 0.030 254.30 210.65 227.67 163.86 
 0.033 264.55 213.04 253.28 163.52 
 0.036 275.82 215.77 267.62 165.57 
 0.039 289.14 219.87 286.06 165.91 
 0.042 298.36 221.24 298.36 166.94 
 0.045 308.60 226.02 311.68 166.60 
 0.048 316.12 232.17 327.39 164.55 
 0.051 323.97 234.21 341.39 164.55 
 0.054 330.12 238.31 357.10 162.50 
 0.057 336.61 243.78 372.12 160.45 
 0.060 340.36 247.87 383.74 156.69 
 0.063 343.78 251.63 397.74 151.23 
 0.066 345.49 255.73 412.08 146.45 
 0.069 346.85 261.88 428.47 143.37 
 0.072 347.54 263.93 438.72 136.88 
