 0.002 147.70 183.63 246.45 177.26 
 0.004 160.80 182.21 247.51 177.96 
 0.006 173.19 182.56 246.80 177.26 
 0.008 185.93 181.15 245.74 176.90 
 0.010 197.61 179.38 246.80 177.96 
 0.012 211.76 180.09 246.45 177.96 
 0.014 223.09 179.38 246.45 176.90 
 0.016 235.12 178.32 253.17 176.90 
 0.018 246.45 178.32 266.98 176.90 
 0.020 258.48 177.96 280.78 176.90 
 0.022 269.10 177.96 295.64 177.26 
 0.024 281.49 179.03 308.03 174.07 
 0.026 292.11 177.96 322.19 173.01 
 0.028 303.08 181.15 335.64 169.82 
 0.030 312.63 181.50 348.38 169.82 
 0.032 323.96 183.27 361.12 166.28 
 0.034 331.74 184.69 374.22 163.45 
 0.036 339.18 186.46 388.02 159.91 
 0.038 346.61 189.64 400.41 157.08 
 0.040 352.98 191.06 413.15 153.90 
 0.042 357.94 194.95 425.18 150.71 
 0.044 363.24 196.01 438.63 146.11 
 0.046 367.49 199.20 449.60 145.40 
 0.048 370.68 200.61 459.87 141.86 
