 0.005  62.23 204.63 239.36 173.76 
 0.010  82.07 198.38 239.36 174.13 
 0.015 105.96 192.50 238.62 171.56 
 0.020 125.80 188.09 239.36 174.86 
 0.025 147.85 183.68 240.46 173.76 
 0.030 167.70 179.27 238.62 174.86 
 0.035 188.64 174.86 240.46 174.13 
 0.040 208.49 171.56 239.36 172.66 
 0.045 225.03 168.25 240.46 173.03 
 0.050 238.26 166.04 254.79 171.56 
 0.055 247.08 166.41 272.43 169.35 
 0.060 255.90 164.94 290.07 164.94 
 0.065 262.51 163.10 308.82 162.00 
 0.070 265.82 163.10 325.72 160.53 
 0.075 269.49 162.74 341.16 158.33 
 0.080 271.33 163.10 357.69 156.49 
 0.085 271.33 162.00 374.23 155.02 
 0.090 270.23 161.63 392.60 150.98 
 0.095 268.02 162.00 408.04 152.08 
 0.100 265.82 161.63 424.58 148.40 
